ok
4.324542146109319 20.748609808866114 -111.97652433211947 
-115.481936994498 -8.554028411210997 -93.82475875953642 
-106.57717835531675 -129.78486657444623 -577.7386195232971 
-192.97110221378227 -3.2610756685626954 -949.491017253429 
142.4865939605178 50.05124103937992 -93.8036864459683 
261.4284420027037 -82.00115032865868 -495.9584096258618 
203.9037323383507 28.047670320131623 -903.0801938929246 
-7.790463150523324 68.83024293308337 157.27855231306572 
15.462127417492365 62.92705471752403 471.6174835160532 
14.065142922427391 -31.284382143673763 526.1842224778219 
-29.45953035733217 18.894711489767968 649.2285339118472 
190.2096455558551 94.54347452777245 408.493723080213 
268.63033984413187 68.38979627664975 110.05722369554833 
256.30443361301025 -68.08352421665094 177.2159360966997 
-142.27034120990106 53.331608242556534 454.0929090290287 
-366.5990161513086 -5.52041498885377 367.0399178679957 
-385.066209453702 -136.6107652196534 252.03870322172787


12.525765319464988 31.275193675238626 -108.9310657033441 
-118.26411812904 55.014962367659464 -95.11971673969234 
-124.37113525895288 -34.954769635952346 -561.8363133938371 
-204.25046008527963 76.00170808901562 -984.2334913953321 
142.1077839455314 7.535462142432766 -98.88694684190516 
253.9487925434652 -62.36031371482607 -561.6910543148806 
209.54716902847264 86.58604522137566 -940.6233014981499 
16.64713124933748 59.068407278471916 163.71236141521717 
16.936859092163996 31.813707975861412 480.5157282241508 
-9.796620130411007 -58.52526835548211 524.738728516957 
-39.305362757282 -16.598517237695734 660.2390954112416 
195.67181776030583 10.211420558275913 417.38647014182254 
296.41692020649884 -61.71135232261621 153.08660544053728 
215.03753644201575 -190.33299723923193 133.37680681470545 
-139.89583437090815 79.182430423528 426.9393300197592 
-297.42110015220953 61.485789385954604 380.9868459491872 
-406.1588682717558 -75.50699667129975 362.59718758282065


