13.58125 -132.63062 132.37881 
23.112839 -126.383736 133.13571 
28.251099 -124.99516 100.402 
24.08161 -117.3652 66.22101 
4.0496616 -138.8775 131.62192 
0.23452568 -138.74007 98.17506 
-5.3290596 -132.84059 61.270473 
13.521827 -134.26804 155.55287 
13.462403 -135.90546 178.72693 
9.692551 -150.77037 191.27429 
11.69043 -149.34871 195.49792 
-2.0005608 -136.79593 183.09383 
-22.128881 -136.40717 169.76755 
-20.713535 -148.55946 165.37274 
31.082727 -132.82227 178.89136 
39.769024 -132.96815 160.06041 
33.652832 -148.96233 165.70284


12.727889 -132.6263 132.04404 
22.110216 -125.14132 133.043 
28.491661 -123.631386 100.746666 
23.611568 -115.46519 66.446335 
3.345562 -140.11127 131.04507 
0.33357048 -140.19484 98.45005 
-6.4589615 -134.78331 61.441105 
13.0617695 -134.22302 155.37093 
13.39565 -135.81976 178.69781 
11.343073 -150.50247 193.35016 
11.471621 -148.23312 197.24481 
-3.1810513 -136.68246 182.64998 
-23.710527 -137.40196 171.02525 
-22.319832 -148.08368 173.59143 
31.407333 -131.7147 178.97981 
38.978767 -125.79074 159.3854 
30.761913 -139.98499 157.97246
