4.324542146109319 20.748609808866114 -111.97652433211947 
-115.481936994498 -8.554028411210997 -93.82475875953642 
-106.57717835531675 -129.78486657444623 -577.7386195232971 
-192.97110221378227 -3.2610756685626954 -949.491017253429 
142.4865939605178 50.05124103937992 -93.8036864459683 
261.4284420027037 -82.00115032865868 -495.9584096258618 
203.9037323383507 28.047670320131623 -903.0801938929246 
-7.790463150523324 68.83024293308337 157.27855231306572 
15.462127417492365 62.92705471752403 471.6174835160532 
14.065142922427391 -31.284382143673763 526.1842224778219 
-29.45953035733217 18.894711489767968 649.2285339118472 
190.2096455558551 94.54347452777245 408.493723080213 
268.63033984413187 68.38979627664975 110.05722369554833 
256.30443361301025 -68.08352421665094 177.2159360966997 
-142.27034120990106 53.331608242556534 454.0929090290287 
-366.5990161513086 -5.52041498885377 367.0399178679957 
-385.066209453702 -136.6107652196534 252.03870322172787



13.58125 -132.63062 132.37881 
23.112839 -126.383736 133.13571 
28.251099 -124.99516 100.402 
24.08161 -117.3652 66.22101 
4.0496616 -138.8775 131.62192 
0.23452568 -138.74007 98.17506 
-5.3290596 -132.84059 61.270473 
13.521827 -134.26804 155.55287 
13.462403 -135.90546 178.72693 
9.692551 -150.77037 191.27429 
11.69043 -149.34871 195.49792 
-2.0005608 -136.79593 183.09383 
-22.128881 -136.40717 169.76755 
-20.713535 -148.55946 165.37274 
31.082727 -132.82227 178.89136 
39.769024 -132.96815 160.06041 
33.652832 -148.96233 165.70284



12.525765319464988 31.275193675238626 -108.9310657033441 
-118.26411812904 55.014962367659464 -95.11971673969234 
-124.37113525895288 -34.954769635952346 -561.8363133938371 
-204.25046008527963 76.00170808901562 -984.2334913953321 
142.1077839455314 7.535462142432766 -98.88694684190516 
253.9487925434652 -62.36031371482607 -561.6910543148806 
209.54716902847264 86.58604522137566 -940.6233014981499 
16.64713124933748 59.068407278471916 163.71236141521717 
16.936859092163996 31.813707975861412 480.5157282241508 
-9.796620130411007 -58.52526835548211 524.738728516957 
-39.305362757282 -16.598517237695734 660.2390954112416 
195.67181776030583 10.211420558275913 417.38647014182254 
296.41692020649884 -61.71135232261621 153.08660544053728 
215.03753644201575 -190.33299723923193 133.37680681470545 
-139.89583437090815 79.182430423528 426.9393300197592 
-297.42110015220953 61.485789385954604 380.9868459491872 
-406.1588682717558 -75.50699667129975 362.59718758282065



12.727889 -132.6263 132.04404 
22.110216 -125.14132 133.043 
28.491661 -123.631386 100.746666 
23.611568 -115.46519 66.446335 
3.345562 -140.11127 131.04507 
0.33357048 -140.19484 98.45005 
-6.4589615 -134.78331 61.441105 
13.0617695 -134.22302 155.37093 
13.39565 -135.81976 178.69781 
11.343073 -150.50247 193.35016 
11.471621 -148.23312 197.24481 
-3.1810513 -136.68246 182.64998 
-23.710527 -137.40196 171.02525 
-22.319832 -148.08368 173.59143 
31.407333 -131.7147 178.97981 
38.978767 -125.79074 159.3854 
30.761913 -139.98499 157.97246



Assets/pos_data/3dposapp-pos_sample_video.txt

Assets/pos_data/lightweight-pos_sample_socket1.txt

